36.40647500008345
179.70302500016987
34.90599699970335
314.3299289997667
300.6198939997703
38.07403600029647
342.72078600060195
345.97912799939513
366.45107899978757
351.1202370002866
403.6416629999876
446.6108140004799
534.8048449996859
539.8674900000915
528.0505560003221
505.67552600055933
523.8782259998843
519.5321180000901
542.079023999162
525.8340119998902
507.93898999970406
485.8490870008245
476.95286200009286
479.729574999772
466.96610000077635
468.32883100025356
503.6804780000821
483.93789599929005
501.82479300070554
461.0401159999892
481.9246760001406
379.31950000021607
438.4875220004469
328.68950399942696
436.7750120004639
576.633721999824
567.3692160006613
478.3323909994215
402.1577109992504
521.9402120001614
476.41003499925137
476.12570099998266
519.550846000202
551.2675370005891
469.30735999997705
450.8244610000402
557.3984799999744
464.3783760005608
446.47229200042784
440.7391129992902
442.69182599987835
441.6157579999417
447.97627800051123
435.0325959995389
433.0087970001623
431.97022899985313
435.9830590002239
425.79279800038785
431.39860399998724
424.8557799998671
422.92195999994874
420.6261620000005
418.1499080006033
415.780075000599
428.87040400039405
430.6579390000552
437.0304000005126
143.89497200027108
434.954943000339
458.39411399979144
324.6684100003913
323.8186640003696
326.3508299998939
223.08825800009072
432.91338500007987
377.2904669996351
221.02318799961358
405.5003790007904
376.07356499973685
402.6925479993224
408.9708409998566
410.7855219999328
324.0043810000643
374.42066099960357
369.9437969997525
368.3628369998187
407.36194800026715
400.7367739994079
372.3405120000243
412.62697499990463
322.2865569991991
208.20693699922413
287.63019399996847
218.7237689998001
333.8914270000532
379.8191019995138
399.2333399998024
340.3543739998713
320.0074289999902
321.210804999806
334.70721200015396
295.2553279995918
338.8481820002198
329.53744099941105
332.0870549995452
320.61749100033194
332.26670200005174
398.04974000062793
327.6566930003464
353.1261849999428
346.37620500009507
330.45999700017273
333.0885119996965
139.6766800004989
335.78764699958265
331.1968110008165
143.29570299945772
351.2237459998578
335.8662379998714
337.3029779996723
326.3154149996117
350.3912479998544
366.6963550001383
344.70697499997914
327.0332319997251
364.4414220005274
137.18881900049746
397.1183960000053
138.25968899950385
341.0528279999271
334.5086899995804
135.916850999929
364.92181000020355
141.82616200018674
142.55657100025564
286.14090599957854
307.99890700075775
360.6705160001293
314.1575500005856
361.42686999961734
337.090386999771
292.22281700000167
290.7443549996242
293.84561100043356
315.41372500080615
316.6926540005952
317.58843499980867
313.19810700044036
395.1761950002983
339.2369369994849
130.9626440005377
362.38467300031334
363.4244339996949
156.86433000024408
358.63279099948704
309.10585299972445
159.61009999923408
161.3905920004472
285.8132400000468
155.75102099962533
284.0322750005871
289.09864000044763
414.38646700046957
311.77287399955094
287.51787700038403
360.39816700015217
358.8009150000289
355.7083270000294
346.49212700035423
198.94806199986488
279.55262099951506
274.88582300022244
311.9177050003782
283.6983529999852
272.5485789999366
279.6173910005018
357.6019060006365
349.4438770003617
331.8413400007412
291.0006670001894
345.62083100061864
271.1087719993666
217.32664600014687
152.77450999990106
242.95000700000674
213.9961910005659
266.5232159998268
269.7805530000478
267.73337099980563
242.11838299967349
244.2833409998566
268.723879000172
241.45823900029063
265.881792999804
240.30210999958217
261.62846800033003
204.21893499977887
273.74208999983966
235.8945120004937
180.52821499947459
306.64745199959725
265.1722949994728
264.3849090002477
199.11417300067842
172.5745530007407
263.6423140000552
262.911658000201
213.123781000264
262.35158899985254
264.83794299978763
257.99536100029945
193.47548300027847
260.3368400000036
237.9080509999767
254.93562099989504
171.35776100028306
178.74878800008446
195.05185799952596
284.75473000016063
263.2310340004042
176.45398699957877
201.8417170001194
210.75686299987137
147.84174899943173
148.91852199938148
290.53057499974966
256.0475800000131
254.18596199993044
235.26515100058168
312.6885810000822
234.2716110004112
277.99640399962664
221.6738309999928
233.5036760000512
392.9966249996796
392.0457930006087
254.46815899945796
389.9723140001297
380.58030600007623
387.4789619995281
319.3176920004189
149.83616599999368
252.7985439999029
388.816045999527
385.49572000000626
253.71624599955976
381.7074849996716
210.30951500032097
309.87916800007224
383.7885889997706
356.85553700011224
230.9652319997549
449.14987900014967
224.767835999839
308.21893400046974
129.01787099987268
219.58197499997914
208.75318899936974
146.83628499973565
153.91011899989098
305.2867809999734
225.93392900004983
215.02181900013238
140.8505269996822
323.51625499967486
322.50260099954903
230.06755599938333
303.5147830005735
218.71325699985027
272.78830399923027
251.6349240001291
216.99334399960935
215.51387799996883
241.40241300035268
344.3031989997253
312.21386700030416
214.0399939995259
229.09347900003195
321.63492999970913
220.29834100045264
306.41670399997383
212.5134089998901
210.93807699996978
298.32620800007135
207.51042400021106
205.2368630003184
203.5531020006165
353.98465100023896
201.76651600003242
318.37240900006145
299.8514019995928
250.3030619993806
220.42146200034767
150.69797199964523
267.9235599990934
148.12555899936706
268.7144760005176
145.15890000015497
271.70008199941367
202.65839799959213
167.60141600016505
151.28014899976552
199.20106299966574
315.81961699947715
144.58392900042236
312.76316399965435
319.5041640000418
274.6915189996362
198.2124539995566
244.98045799974352
172.08541900012642
309.01646300032735
310.5347610004246
197.18705799989402
248.3515830002725
243.9369020005688
170.07123499922454
308.6371700000018
177.9592610001564
308.05254699941725
195.16257899999619
163.03338600043207
208.1295610005036
194.4739830000326
315.00823600031435
170.1001659994945
146.43903999961913
369.76192900072783
151.90973600000143
413.28965099994093
167.9623900000006
147.250707000494
193.518219999969
165.29009199980646
406.0705189993605
411.41161100007594
185.17754700034857
191.60864399932325
150.42239500023425
166.30971700046211
161.54688099958003
409.7319809999317
193.08254799991846
184.17010799981654
408.73014000058174
226.9888859996572
207.35450500063598
148.4174180002883
191.13445200026035
164.67886199988425
149.46524100005627
142.34248499944806
407.8431270001456
403.2846369994804
356.6876520002261
253.51820500008762
238.45834199991077
209.40670300088823
394.121636999771
256.33583700004965
119.66785500012338
261.0298870000988
387.5509270001203
158.61012900061905
132.4197129998356
385.6361579997465
154.9175680000335
383.85368799977005
223.95621899981052
146.4822129998356
260.6105150002986
329.74672000017017
316.973005999811
157.0935970004648
330.78160199988633
376.91762000042945
132.86220700014383
129.56646799948066
158.76815699972212
301.7721219994128
139.61273799929768
120.55508000031114
186.19131999928504
130.7910420000553
144.96172800008208
153.04505399987102
366.65597099997103
122.37931900005788
148.68787799961865
231.90390799939632
143.67684399988502
253.9476429997012
152.69285600073636
299.8911800002679
265.84662000089884
114.17438600026071
289.61081099975854
188.49463099986315
228.18001700006425
118.73732199985534
313.64274599961936
114.15485499985516
301.6021299995482
127.0682770004496
438.403655000031
311.4891220005229
115.67594300024211
137.31436000019312
134.90274100005627
254.83435899950564
216.2911129994318
230.94300199951977
168.42923699971288
234.1589009994641
374.4755060002208
245.9799180002883
125.61811600066721
372.0006229998544
122.0750390002504
118.6409839997068
162.6271190000698
354.86848900001496
259.0373219996691
276.60900999978185
325.4437739998102
169.21158999949694
124.09603099990636
380.12002099957317
255.68360099941492
261.8803570000455
133.7693340005353
121.74288799986243
229.47849899996072
209.29437300004065
232.653594000265
275.55220599938184
342.78682999964803
151.66122499946505
242.4248740002513
206.03232500050217
269.692521000281
569.5050910003483
176.10367599967867
307.61081099975854
351.87991300038993
190.6954299993813
147.22341199964285
399.5891479998827
127.77353399991989
166.47573499940336
136.63059899955988
246.9382629999891
245.20891999918967
144.15393900033087
187.44060300011188
146.45838799979538
126.84707199968398
134.19136299937963
232.7348459996283
206.3546380000189
164.27007600013167
131.2921450007707
404.33854100015014
160.15568999946117
225.69001699984074
401.20748899970204
182.72722799982876
181.6593209998682
469.71745599992573
147.00303899962455
328.71748600061983
445.65396200027317
227.02252100035548
196.21790399961174
222.04162000026554
145.99697300046682
303.4076129999012
406.8666209997609
243.26520900055766
325.11461199913174
266.21375699993223
200.34248000010848
149.0141979996115
264.6663569994271
119.04296000022441
266.9114649994299
120.24686100054532
312.73601699993014
183.5090310005471
121.75973499938846
128.5016280002892
343.0416089994833
282.09544800035655
281.4275589995086
156.57735999953002
189.5646240003407
381.40007499977946
143.20500800013542
179.87949700001627
393.724995999597
998.1448740009218
966.5606620013714
975.3276310004294
959.927029998973
953.663987999782
775.8250259999186
943.6775780003518
940.0678860004991
934.2932040002197
932.7858530003577
939.8053179997951
936.7336280010641
933.5053160004318
929.2928179986775
930.499919001013
926.9665560014546
913.0694849994034
908.0833229999989
917.9122660011053
923.5796569995582
905.0244779996574
945.4750239998102
613.478387998417
900.5820540003479
913.4832819998264
926.1141160000116
910.506447000429
914.9858190007508
731.2898360006511
937.2730349991471
939.0432730000466
928.0286389999092
820.55979700014
949.685305999592
966.2615379989147
770.5293920002878
1083.3760409988463
1204.1625389996916
1109.6424429994076
1169.3723799996078
1116.5843250006437
1138.237785000354
1145.7785160001367
1108.1928640007973
1114.1531889997423
1069.5145089998841
1070.1772130001336
1087.1777669992298
1100.1769799999893
1102.383531998843
1118.0773839987814
1175.4390779994428
1094.344673000276
1132.0022940002382
1092.7805420011282
1067.4593889992684
1086.0603590011597
1090.621069001034
1102.7568500004709
1093.732840999961
1108.4794880002737
1113.607880000025
1085.9025420006365
1096.517147000879
1088.233940999955
1077.8494470007718
1106.8013739995658
1071.0407920014113
1088.7071959991008
1090.680986000225
1073.5138750001788
1108.8195290006697
1132.8464639987797
1101.2799720000476
903.3341370001435
1100.2768530007452
795.6383679993451
1102.4734819997102
1068.8795799985528
1170.941348001361
1102.689097000286
1072.3551890011877
1111.7473039999604
1151.0936680007726
796.2006669994444
1146.8365179989487
914.5543349999934
1154.452077999711
1182.3340760003775
847.3281009998173
852.103112000972
1087.9633640013635
1071.4084900002927
1092.8246419988573
1170.7853270005435
701.0804320015013
823.1747650001198
987.5215870011598
703.8272909987718
906.1468550004065
857.1284170001745
1234.6949559990317
899.3869099989533
830.9577970001847
879.2997510004789
686.1376700010151
883.4465960003436
686.1784589998424
691.8715869989246
901.3000799994916
912.0996790006757
731.3979249987751
1191.1246020011604
1093.3094349987805
1100.1598000004888
1085.6257509998977
1193.212520999834
1182.1969380006194
1176.8114899992943
1230.0801769997925
1126.4334199987352
1197.252343999222
1316.4067870005965
1320.8486359994859
1197.9806810002774
1192.575745999813
1058.4285069983453
1110.5223360005766
1046.1114900000393
1191.1270659994334
1177.3844479992986
751.3834079988301
1141.9158169999719
1047.5606399998069
623.5204809997231
845.1029230002314
1007.987881001085
1038.2007240001112
1128.7381650004536
886.5583250001073
1036.65624400042
1189.654379999265
1023.7158710006624
1307.2772860005498
1010.4789010006934
1132.2711890004575
1223.6283800005913
1240.2445139996707
774.7310290001333
724.6197109986097
704.4584619998932
1180.1293860003352
1128.6396629996598
660.5728529989719
862.1768040005118
940.4489830005914
707.4005839992315
931.3187639992684
699.7767220009118
895.8366999998689
865.6813310012221
756.1929069999605
1217.1154730003327
838.3690579999238
1154.149429999292
857.9631340000778
948.6400789991021
792.5910609997809
1103.967531999573
689.3683139998466
1128.6255299989134
1018.6168590001762
1161.229587001726
1130.654939999804
921.8395610004663
1179.6190050002187
1276.777317000553
753.8493649996817
1016.3064639996737
902.9175530001521
1079.9907479994
700.5175559986383
689.9629969988018
663.483103999868
1242.6863819994032
854.4045280013233
850.6831119991839
960.3960510008037
1027.6239689998329
1081.0882590003312
840.1477279998362
1210.024105001241
621.7586529999971
1107.7187050003558
1039.6319859996438
950.729770001024
922.413526000455
1331.8562600016594
989.8248939998448
1110.8844460006803
1089.7370400000364
889.5559200011194
1042.2720909994096
1119.5149959996343
882.4347179997712
778.5976090002805
931.9897819999605
745.7662409991026
1470.064034998417
1067.8092570006847
1089.5582779999822
1470.1627070009708
1345.2189169991761
1070.6748229991645
888.9673030003905
770.2521060016006
1085.7225049994886
1292.0237460006028
1007.5664320010692
1072.1303659994155
1438.9276829995215
884.3259219992906
897.0564409997314
1305.1811030004174
773.1150000002235
1331.0238030012697
1051.3811299987137
545.4913999997079
1000.291801000014
692.5501540005207
847.1415959987789
934.7266690004617
866.9292769990861
996.9674990009516
769.1971019990742
697.8757790010422
971.4233599994332
953.9512990005314
821.5953649990261
896.6262079998851
1404.6594999991357
794.164429999888
755.9720380008221
783.4828930012882
815.6587060000747
845.5239690002054
1014.5904270000756
963.5248799994588
1076.718883998692
1122.7818100005388
927.9500699993223
1139.7423910014331
1137.4497469998896
835.8860019985586
1042.030150000006
758.1155600007623
832.2702220007777
824.1628570016474
908.0129930004478
1014.0599670000374
923.9747909996659
786.14862800017
1032.2747530005872
793.1391540002078
978.061592001468
863.6227989997715
1307.688829999417
1244.7889559995383
1238.11439999938
932.4197439998388
836.5872579999268
837.2800450008363
772.3055140003562
896.2743619997054
900.7369969990104
1128.8469999991357
896.9454660005867
845.2037560008466
1248.8609950002283
1045.2225160002708
955.0391169991344
893.7228680010885
822.6897500008345
1271.1298660002649
844.9440819993615
688.6988500002772
874.4176439996809
933.3375509995967
1268.7716140002012
914.2895529996604
830.1659140009433
856.3614440001547
911.3090809993446
816.8947170004249
703.7157279998064
1237.7133399993181
1234.0108460001647
733.2603530008346
882.3908209986985
1046.464842999354
1186.9575699996203
935.6503109987825
914.0006000008434
1086.408684000373
1234.9218849986792
702.714660000056
1066.1571079995483
862.3362210001796
835.4598130006343
885.029678998515
1207.2851740010083
1128.4715909995139
1063.0482379999012
864.1817170009017
1326.1075500007719
1277.0951620005071
772.2946970015764
1035.5331629998982
972.8221269994974
1113.3827589992434
1185.9739429987967
1011.4617139995098
1067.5005079992115
977.0767289996147
1076.9073019996285
747.644518001005
1068.0730590000749
922.5955350007862
1083.435728000477
1022.9959119986743
1080.9749740008265
810.7574819996953
1079.8255599997938
713.2885549999774
709.4347029998899
709.1919860001653
728.6382209993899
1077.7667759992182
990.4023320004344
1073.720844000578
1063.286683999002
1040.6315940003842
1341.8437760006636
783.5973540004343
874.2753289993852
597.8599379993975
758.9046630002558
711.7892669998109
737.7786449994892
724.6223370004445
1082.512140000239
716.2389800008386
742.8186530005187
708.090457001701
683.8434069994837
922.4575420003384
720.7730129994452
1175.5586169995368
1295.4260560013354
1209.4126239996403
732.4518889989704
765.6192060001194
1219.538805000484
732.8050870001316
1053.6843140013516
724.7338079996407
1031.2650499995798
901.0660159997642
1181.7374770008028
785.2684369999915
1152.4761960003525
870.6031880006194
1027.704224999994
758.3137170001864
1443.034491000697
982.6078380011022
700.0975010003895
754.2852050010115
1065.3280230015516
1237.3836349993944
756.375357998535
1139.9482870008796
1088.9927370008081
1332.204509999603
1335.6845760010183
1122.0501090008765
762.810048000887
853.0194269996136
978.1116799991578
1055.5286999996752
1049.9991579987109
742.0037830006331
1065.5045910011977
1071.5585820004344
1012.7940029986203
1258.4532019998878
911.0628440007567
1182.983850998804
1116.2932670004666
1094.9729319997132
929.2905759997666
1017.7392170000821
1094.7264629993588
1328.6565890014172
1067.0924720000476
1185.7165050003678
1316.1274850014597
1357.105942999944
952.2681089993566
904.7404800001532
839.527354998514
857.4934359993786
750.7937349993736
967.9290399998426
954.2096189986914
854.3556990008801
1125.114733999595
868.6435679998249
1093.0256270002574
752.9904880002141
662.7216279990971
1219.3454039990902
821.1867529992014
1452.1187229994684
1272.0970680005848
762.612017000094
908.1504530012608
771.8358360007405
696.1067159995437
759.1218800004572
872.0395400002599
792.5207190010697
1004.256492998451
1298.597649000585
1193.6813350003213
774.0822600014508
1049.2369810007513
600.635603999719
996.3885749988258
884.4959950000048
1089.1876669991761
890.9169769994915
1143.2507549989969
861.8684959989041
926.9981939997524
973.2925999984145
1224.4611060004681
1099.5536669995636
1008.0302370004356
1301.356259001419
930.7207740005106
741.0994520001113
738.8029800001532
1245.4358810000122
1033.2974590007216
1206.3787799999118
1084.6129730008543
1179.2771429996938
972.7850499991328
738.7253530006856
1039.2512420006096
737.68950500153
1200.1934259999543
1070.8000149987638
956.3719089999795
1261.6401250008494
1043.3487379997969
1320.4398950003088
1029.758751001209
1186.350910000503
1112.538767999038
1080.434258999303
692.8547980003059
768.6666410006583
1030.7729470003396
1072.0930969994515
1240.1868500001729
1046.1473220009357
1076.8379340004176
716.2547919992357
1191.7836770005524
850.1178299989551
703.4364100005478
953.3015529997647
988.2522390000522
1074.1440039984882
1030.5883189998567
1379.9639749992639
911.702834000811
843.8175179995596
759.135100999847
1260.824822999537
807.19658199884
846.3231069985777
995.6312180012465
897.0104099996388
1135.5553270000964
701.3002329990268
1184.1899069994688
502.70249200053513
602.9779470004141
489.01111800037324
913.2291800007224
866.1644550003111
855.7139810007066
972.7106279991567
937.6706539988518
964.6141160000116
943.7296210005879
930.5668919999152
950.7043299991637
838.1627879999578
841.7049959991127
828.2725039999932
839.1928209997714
877.1203639991581
834.0871449988335
831.1607109997422
826.2576490007341
824.012285001576
893.6245670001954
828.2565180007368
916.8152179997414
898.3407340012491
825.1509240008891
904.7019820008427
910.7682099994272
827.79918500036
821.9418249987066
821.6715099997818
808.2551009990275
819.7090729996562
872.3589759990573
923.2590120006353
824.5955659989268
817.2095160000026
804.2791879996657
814.7155430000275
870.281352000311
812.0797349996865
882.0151729993522
802.4428550004959
570.650975998491
406.4399620015174
862.5327719990164
793.0322559997439
412.11711299978197
416.1750470008701
1052.223702000454
800.4774639997631
1038.1643039993942
1045.777696000412
995.6182669997215
958.9490939993411
989.3920019995421
1003.1101219989359
905.8193580005318
969.9002790004015
984.2830960005522
964.7832059990615
903.8421840015799
901.641025999561
984.6891769990325
978.7118610013276
974.8939169999212
567.319668000564
390.35783199965954
403.06415699981153
557.2104720007628
1023.176550000906
394.17977000027895
398.91420600004494
564.1399780008942
382.8226939998567
552.9869519993663
560.483443999663
943.6108200009912
897.0939110014588
796.0723949987441
788.7846499998122
871.8172730002552
894.8154850006104
849.6307369992137
954.9631219990551
882.6901540011168
856.1397110000253
869.9693219996989
950.9105549994856
881.1145280003548
539.6605900004506
879.135653000325
889.6396219991148
544.6380839999765
948.7782610002905
875.0976950004697
845.902281999588
546.4101249985397
891.218062998727
887.7673819996417
839.8459740001708
884.6268399991095
548.2968150004745
865.622043998912
867.0228259991854
848.3397749997675
859.3219070006162
865.1002150010318
936.8392380010337
856.7847189996392
376.1080040000379
863.0601940006018
851.7301199994981
845.7431230004877
844.3455839995295
918.1873620003462
841.5760660003871
288.01283899880946
910.4942569993436
286.5772810000926
530.127752000466
542.5779500007629
532.4460829999298
907.6355739999563
535.1289379987866
540.9684369992465
533.9883850011975
368.8458139989525
809.6539960000664
523.8205369990319
372.75404600054026
520.2357709985226
784.8409410007298
330.8036429993808
356.26903000101447
230.42711699940264
365.8839030005038
837.9845710005611
812.0669950004667
768.8214560002089
792.5898330006748
775.3616729993373
774.098058000207
804.2127739991993
828.8365250006318
807.1949979998171
796.5234760008752
361.67119100131094
332.4792110007256
780.3732660003006
800.2804850004613
232.3278989996761
824.86622899957
789.8734129983932
816.0326250009239
833.297607999295
749.5727730002254
1028.6842720005661
769.9279479999095
740.687063999474
758.7720410004258
818.9262610003352
229.58872699923813
1015.8433599993587
767.0816420000046
228.71136800013483
325.4690459985286
323.72073599882424
763.339673999697
577.9212609995157
681.5112730003893
576.2011329997331
303.5384700000286
292.5471650008112
673.951262999326
860.4253429993987
300.37445699982345
574.2932719998062
289.95941799879074
296.67681699991226
646.7672589998692
295.86595799960196
572.7059509996325
686.7139650005847
299.0319529995322
546.3481780011207
682.1795600000769
642.0942560005933
694.9668220002204
684.3108220007271
571.2782599981874
737.1421220004559
690.3769920002669
568.1134409997612
297.8538370002061
559.5090469997376
733.6930489987135
562.5414180010557
650.0689859986305
579.7025100011379
565.8326040003449
729.5746470000595
488.6143020000309
638.6807180009782
484.1199830006808
676.7558459993452
540.4951980002224
533.8837349992245
480.86490499973297
755.6333809997886
526.9033950008452
536.3402220010757
530.2438830006868
486.385684998706
752.9661940000951
517.5374050009996
656.8751810006797
721.5727529991418
661.4514389988035
553.4334279987961
725.4966570008546
742.1027899999171
664.9128250014037
671.1130340006202
554.558144999668
541.7494419999421
745.5618409998715
713.3727609999478
728.7786779999733
718.4453529994935
541.9430449996144
555.6238280013204
667.3845859989524
545.716367000714
519.2081250008196
734.4047079999
521.1581779997796
560.6013750005513
524.8376049995422
748.3329760003835
738.0705429986119
523.1901709996164
540.8047369997948
319.21818899922073
512.2334490008652
709.8848499991
508.4288589991629
627.9050530008972
281.94050000049174
271.5130809992552
712.3690910004079
718.1687549985945
675.7830110006034
722.0556799992919
707.1834089998156
489.27580900117755
306.40198200009763
470.594172000885
477.4261569995433
671.9670260008425
455.8731299992651
453.56237199902534
313.4178190007806
451.3051830008626
475.03351300023496
668.8433990012854
281.23781200125813
467.5583519991487
304.9811799991876
663.0605929996818
601.5294300001115
704.248383000493
659.1893930006772
595.7848910000175
593.5096370000392
623.5497570000589
613.8540699984878
618.7677280008793
635.4682080000639
608.717097999528
701.1777350008488
311.0908829998225
308.7457159999758
458.44803399965167
269.71424300037324
462.6590189989656
465.41191699914634
280.15007799863815
605.7873390000314
695.655462000519
699.7992380000651
691.0796339996159
724.9070859998465
644.8377659991384
703.4598810002208
678.0528139993548
587.2345310002565
706.6941600013524
638.8978840000927
641.9813349992037
758.35484299995
429.13636299967766
419.74225799925625
447.2757089994848
285.04193399846554
441.12108399905264
634.5918550007045
265.6759170014411
423.1799320001155
278.78570299968123
260.3761149998754
282.91073600016534
434.53578400053084
778.6532469987869
275.6630269996822
263.0861760005355
438.3864819984883
631.8731089998037
489.0044180005789
301.5909729991108
625.7895039990544
505.9760159999132
503.45960599929094
501.2479169983417
498.9390210006386
284.01388300023973
496.57921299897134
491.10323799960315
485.44735599868
582.7644009999931
495.17525799944997
480.3441829998046
303.43411100097
618.7908330000937
342.8597349990159
344.06930099986494
320.73396199941635
518.6346809994429
247.05276800133288
342.38400499895215
343.2509410008788
469.78141199983656
477.72668300010264
248.9315019994974
346.5903789997101
358.73844600096345
457.454794999212
343.9167680013925
340.1859869994223
338.04062500037253
436.00154399871826
233.7086450010538
250.6044670008123
231.6783670000732
444.30091300047934
438.3058729991317
236.0856400001794
606.0874150004238
342.04891899973154
461.4300459995866
257.25036299973726
239.29758600145578
336.4569199997932
349.49270799942315
454.2820100001991
353.282913999632
465.3128789998591
235.6498879995197
332.25064500048757
347.9016229994595
600.7173039987683
332.9655649997294
631.4304670002311
336.9950440004468
206.75200599990785
595.4489709995687
330.5305960010737
430.5287469998002
435.7364690005779
424.6870149988681
331.7346780002117
432.8712399993092
593.7460570000112
761.3885420002043
507.0184250008315
326.38330700062215
331.25155500136316
427.42898399941623
414.2954660002142
411.9581189993769
496.94755999930203
508.39221099950373
252.07381300069392
574.1879300009459
514.474393999204
407.49080599844456
577.2272250000387
493.87959200143814
517.2564500011504
491.5009790007025
584.0576740000397
513.3917209990323
580.5022110007703
498.69836100004613
326.28145299851894
511.7433449998498
590.788377000019
509.8867840003222
503.810225000605
401.973207000643
505.61765999905765
324.48908500000834
400.5472680013627
267.5973199997097
319.143962001428
330.1892499998212
404.01633800007403
405.7276940010488
315.5115779992193
310.720810001716
234.61570500023663
312.8974500000477
243.3580640014261
242.74777599982917
500.55932800099254
245.22385300137103
318.05996000021696
483.2099050004035
290.7312659993768
236.92373299971223
250.47887000069022
301.2205689996481
754.491452999413
233.3153210002929
687.3005680013448
235.72889900021255
714.9470460005105
526.8265700004995
655.371589999646
473.04121300019324
475.1248759999871
422.3510100003332
589.9582310002297
240.26828499883413
784.8483550008386
557.2192720007151
359.0068339984864
341.6367019992322
710.1716729998589
379.2677490003407
698.3368520010263
653.7489209994674
307.73331500031054
621.9796549994498
327.22014500014484
218.1426780000329
399.161088000983
678.7246690001339
382.81979000009596
227.3925630003214
361.9687450006604
231.94237300008535
347.9838640000671
378.78698700107634
356.51319699920714
395.36678699962795
346.1360669992864
375.55416500009596
333.852303000167
238.02751999907196
391.8653890006244
295.1037450004369
354.30617900006473
372.06555400043726
285.8005639985204
350.8518099989742
388.64883000031114
292.9268289990723
345.0645730011165
369.25974700041115
346.6480759996921
283.5570049993694
276.9257319997996
348.1082910001278
397.6439099982381
837.016369998455
765.2398949991912
538.8742049988359
514.5309970006347
449.47229200042784
288.036235999316
331.4655410014093
366.5739069990814
322.0097359996289
762.9666469991207
550.6468189992011
888.3827210012823
1008.3730909992009
899.6995219998062
140.0369150005281
123.504329001531
285.4507829993963
352.66341499984264
425.3479939997196
539.3640710003674
521.35861299932
641.3533870000392
780.1551630012691
762.1541109997779
755.9394479990005
744.2920190002769
735.8374210000038
728.1979169994593
708.8895629998296
687.5860619992018
620.822111999616
611.644353998825
690.4050510004163
671.3659019991755
629.8346079997718
642.5810899995267
662.6707229986787
609.3838640004396
613.4539710003883
659.8265390004963
607.140279000625
618.0205549988896
591.49815900065
589.1983850002289
582.4850000012666
599.7841950003058
574.3756469991058
572.5678780004382
580.8674780000001
570.0176639985293
566.3209819998592
563.993085000664
595.1813479997218
597.640406999737
698.663852000609
562.7519090007991
576.435504000634
578.2515340000391
584.9655949994922
548.904550999403
546.7613999992609
782.4228969998658
536.9856780003756
752.6259739995003
717.5036049988121
785.0155069995672
729.408208001405
719.8103860002011
747.6695859991014
784.8388429991901
710.3586999997497
764.0478459987789
696.0822160001844
541.7626469992101
538.7971650008112
682.5364679992199
646.0104419998825
657.5248030014336
643.4835310000926
667.1688729990274
641.3567260000855
625.5213569998741
621.5489739999175
639.5073649995029
621.6451659984887
627.5696159992367
634.9225369989872
629.7502280008048
617.5531019996852
614.5509190000594
619.0667129997164
608.6382570005953
531.607269000262
606.0771409999579
527.424022000283
524.7849669996649
577.0699739996344
529.2959979996085
521.7389449998736
486.4241799991578
561.3523970004171
551.1560789998621
526.093669001013
516.4297930002213
513.7006269991398
554.1229660008103
519.3083389997482
508.47790700010955
485.03990299999714
567.2788009997457
575.2861100006849
559.703710000962
572.6096449997276
482.0722989998758
506.94666999951005
568.747811999172
557.6938839983195
505.9300590008497
555.7733389995992
293.8137449994683
570.9870279990137
564.3362719994038
561.9589569997042
552.5988910011947
287.2724879998714
503.57672700099647
479.21569100022316
547.9039060007781
283.5857419986278
546.3901870008558
281.4049909990281
481.82834200002253
544.042671000585
496.77942400053144
481.5825979989022
477.2059040013701
499.85619199834764
476.1910330001265
495.2541460003704
498.63608499988914
491.9517689999193
475.3753729984164
257.12187699973583
252.968973999843
538.6611250005662
261.3106719981879
255.05440800078213
534.7352180015296
514.8391720000654
523.4005939997733
519.7720049992204
521.5672790016979
447.4855119995773
531.1376390010118
528.1659149993211
526.5902730002999
441.23746400140226
443.17645500041544
249.24120499938726
432.4565719999373
431.611390998587
424.63477000035346
435.96816899999976
427.2822590004653
472.910422001034
420.9187690000981
471.2767299991101
473.9834979996085
423.46898999996483
433.4868520013988
247.46601999923587
422.45717399939895
245.64167499914765
469.8335030004382
239.8734090011567
237.86556399986148
238.69294299930334
242.8614500015974
243.47291800007224
277.7887319996953
231.27113899961114
278.06355400010943
233.03923200070858
465.40903499908745
235.1627040002495
236.31872900016606
236.83540700003505
236.48508100025356
235.3742239996791
417.49627999961376
514.003877999261
601.9908540006727
588.307310000062
517.8467130009085
579.1503379996866
508.3362579997629
580.8270939998329
597.7159209996462
515.3322740010917
504.8985380008817
591.2686080001295
589.461799999699
593.6286570001394
504.82284200005233
503.1634130012244
464.1282279994339
462.47650200128555
458.6047679986805
226.53957500122488
498.2403520010412
269.851590000093
229.9444140009582
496.6969680003822
222.96821700036526
494.8988419994712
228.22950799949467
492.83510900102556
460.6050659995526
221.4900159984827
224.87018099986017
493.89674700051546
275.70421400107443
474.53214499913156
469.541339000687
478.0622889995575
446.6592130009085
214.02614299952984
394.41081500053406
216.98455799929798
220.1539149992168
205.421910000965
213.10902299918234
394.73550300113857
452.18493499979377
450.30399199947715
476.81160700134933
456.6669420003891
414.14682599902153
454.94029200077057
215.39400999993086
492.0343970004469
487.0334980003536
454.92087999917567
453.00232600048184
218.51721899956465
484.8578269984573
453.3891289997846
450.7667570002377
452.0603580009192
207.37874799966812
211.7269319985062
456.1077069994062
465.49181499890983
482.4912979993969
584.3218749985099
210.80757100135088
371.10028699971735
504.83297900110483
370.2600490003824
491.2379640005529
368.74444299936295
390.3344329986721
464.468592999503
479.97150999866426
449.8440990000963
388.437851998955
444.8201909996569
217.0170069988817
230.8653129991144
458.3767910003662
229.4111010003835
405.35342899896204
461.7656730003655
439.1939289998263
402.9776820000261
466.99968899972737
442.76168799959123
401.88731699995697
235.27689000032842
231.89991700090468
409.21390200033784
459.62733699940145
450.8058860003948
218.24130600132048
406.4335979986936
206.70465499907732
365.5220209993422
342.3725780006498
443.63799599930644
386.65620200149715
439.8984779994935
208.82209699973464
408.1036109998822
209.65666799992323
402.71877699904144
327.5899360012263
404.814489999786
226.42515300028026
339.2690089996904
404.27981199882925
292.7613380011171
227.52405199967325
276.23300500027835
358.9600729998201
414.00169000029564
418.99953200109303
412.9347210004926
377.2424909994006
360.06391100026667
347.44684300012887
428.00729000009596
385.1556069999933
344.16431299969554
423.36761399917305
373.46423800103366
436.4148359987885
337.733850998804
420.37631300091743
215.40017899870872
356.51503899879754
371.0094309989363
368.325469000265
228.4604890011251
430.9092640001327
456.9981300011277
412.7985300011933
213.47750900126994
368.5277879983187
433.7883930001408
212.29196600057185
412.107349999249
410.76169100031257
210.70285999961197
334.36052600108087
383.51890700124204
408.14692500047386
209.16224999912083
193.30404699966311
332.2603139989078
602.4711589999497
379.70161799900234
363.3117149993777
330.10009000077844
534.966597000137
407.1508779991418
445.7478100005537
364.35273399949074
244.28596300072968
340.64334299974144
367.18497500009835
406.0539800003171
401.2310579996556
208.93785700015724
406.9299599993974
405.34690300002694
414.05625000037253
362.16136400029063
325.4360550008714
395.1839300002903
322.3963829986751
365.68787799961865
319.9567189998925
297.524824000895
550.1323600001633
318.74096800014377
191.12948899902403
255.42493199929595
262.7275900002569
315.3756789993495
511.39357200078666
611.044753998518
313.9278170000762
260.79368099942803
483.33681199885905
258.0635379999876
545.0594049990177
249.2280389983207
605.3839190006256
253.3296210002154
438.18840100057423
411.42909800074995
492.8789760004729
467.9181300010532
463.4188149999827
247.66215899959207
237.00856299884617
245.14073799923062
426.0286270007491
188.73108999989927
294.9064969997853
186.75970399938524
509.91002499870956
306.32039900124073
410.54297699965537
419.10348699986935
304.474611999467
387.0092440005392
291.8980410005897
300.9371770005673
387.03859099932015
489.73081799969077
299.1173250004649
273.56323999911547
295.8567520007491
383.5235109999776
684.9040599986911
365.7949390001595
488.69250500015914
323.7080870009959
321.93431399948895
381.885674001649
319.3066589999944
379.0029739998281
319.71510099992156
377.7329660002142
207.8609929997474
206.45945200137794
375.63977699913085
205.2164040002972
372.2029870003462
204.0752700008452
416.2317269984633
202.28927900083363
317.8782500009984
243.57956300117075
316.35342399962246
241.7056639995426
310.82716199941933
314.49904699996114
312.78961899876595
309.94231200031936
239.92644800059497
238.32141000032425
264.43293200060725
464.6229269988835
345.70556899905205
222.40079200081527
342.2755670007318
306.2712719999254
307.8868789989501
269.3378860000521
303.78340299986303
218.68645299971104
301.4270750004798
274.6928679998964
393.94973599910736
299.9891470000148
272.92756799981
424.2593569997698
229.47230200096965
392.1780030000955
391.1676490008831
194.71237199939787
397.68183800019324
201.45656299963593
402.08774700015783
416.438981000334
199.9833979997784
401.25314800068736
251.1891259998083
340.0857449993491
502.3084229994565
335.971268998459
446.9814470000565
333.57952200062573
400.28308899886906
437.6219950001687
330.5023420006037
671.877147000283
358.0664510000497
415.44800000078976
420.1264169998467
473.2835499998182
326.5671149995178
418.3639690000564
395.306740000844
414.0546810012311
468.6328339986503
267.47861400060356
399.8472600001842
290.21876900084317
198.15637600049376
369.55128199979663
217.8921210002154
271.0512129999697
422.34894300065935
280.7167040016502
423.7121510002762
357.3704009987414
265.9096400011331
344.62386400066316
286.24893399886787
396.6410980001092
279.0727060008794
267.0419659987092
283.608921000734
432.2904969993979
425.65920299850404
351.95388799905777
429.66761099919677
277.5961589999497
425.03498299978673
414.142893999815
225.244560001418
347.29348500072956
282.04180300049484
353.847820000723
223.6360580008477
350.54295600019395
396.81067499890924
388.60151099972427
198.54640000127256
189.5169220007956
398.67744500003755
570.2219759970903
572.3499079979956
568.2158199995756
580.5769840031862
768.6138120032847
1155.6808569990098
1152.8730389997363
774.6093609966338
1319.9777659997344
1317.3372990004718
1229.5657930001616
1242.8836579993367
1178.242156997323
1245.49091200158
1314.498167000711
1232.2060789987445
1175.8290490023792
1296.1282229982316
1173.5142269991338
1157.3340679965913
1148.330819003284
1148.3327369987965
1078.3032179996371
1151.8277259990573
1126.5402080006897
1170.9359010010958
1224.332279998809
1194.765599001199
1289.3976549990475
1018.9839249998331
1207.9686469994485
1017.5514959990978
1061.272989999503
1221.7301310002804
1219.037471998483
1032.2912590019405
1020.5741770006716
1023.7035759985447
1017.3203909993172
1110.341547999531
1210.3931329995394
1226.819147001952
1201.775778003037
957.8772700019181
1070.7658630013466
962.731102000922
1073.4081880003214
1181.7388969995081
1064.7955499999225
961.3720159977674
1062.3818520009518
1189.886698000133
1013.7093160003424
1004.775301001966
1075.0056439973414
958.9962959997356
1197.0239640027285
1265.6817139983177
1268.6759990006685
995.7314620018005
1036.583859000355
992.8116020001471
842.6014379970729
1003.2967039979994
1263.0081340000033
988.3474100008607
1285.9018299989402
845.7299900017679
1001.2863209992647
1041.3603660017252
986.6290149986744
984.0046989992261
1251.4888649992645
982.1521909981966
1248.611099999398
975.7942570000887
965.8718679994345
1168.4383579976857
974.175055000931
1162.4041160009801
784.8419499993324
1112.4587789997458
964.3744530007243
1039.1337829977274
972.0995279997587
1105.1286839991808
1027.6316049993038
1050.1489310003817
1114.4767730012536
967.3108259998262
1157.79780100286
1099.271836001426
1103.272133000195
1151.683235000819
1101.0733209997416
1161.2698270007968
1121.9099610000849
1145.696845997125
1187.8453100025654
1141.7898409999907
1177.6028739996254
1153.9903200007975
1166.5949830003083
1168.3777760006487
1149.9361860007048
1164.1138960011303
1170.4237179979682
1139.1677860021591
1118.613708999008
1107.597552999854
1104.6993659995496
1112.2596700005233
1102.0843769982457
1109.9166949987411
1132.5587689988315
1116.0802510008216
1156.981383997947
1099.0147979967296
1080.7814220003784
1094.7970269992948
1082.7694600000978
1092.1953420005739
1037.3692439980805
1090.181789997965
841.2650649994612
840.2737169973552
842.3900710009038
1078.215554997325
1092.4006009995937
838.3964790031314
837.0498770028353
837.9468519985676
831.2068050019443
840.4986120015383
1096.223887000233
833.1616309992969
1073.817880000919
1070.503761999309
954.2852380014956
1068.1315449997783
1065.3227559998631
948.3532110005617
1063.3443619981408
945.8181740008295
944.2264899984002
937.0186930000782
947.3399919979274
942.4832570031285
741.4730210006237
740.4411729983985
742.6990480013192
743.6851809993386
739.4073529988527
933.9596170000732
702.2079530023038
935.425525996834
734.6249889992177
737.1506719999015
735.9644249975681
732.1704879999161
1060.3491609990597
1029.625772997737
1058.1520080007613
1026.1661179997027
1055.986266002059
1023.9435160011053
1053.7712819986045
993.1266070008278
1014.2683739997447
981.1110679991543
1035.092105999589
990.6979489997029
1031.9305709972978
989.5743019990623
1046.4140440002084
1042.7539889998734
977.0229460000992
1044.550322998315
721.5512139983475
650.5308969989419
969.7016199976206
972.4082910008729
723.4952339977026
727.9109669998288
722.4907930009067
724.5032429993153
978.0767630003393
970.9481169991195
729.0485110022128
639.144567001611
643.3048269972205
625.3177080005407
830.4241760000587
822.2226289995015
633.6542220003903
649.5060110017657
624.1713900007308
632.0173989981413
941.5766259990633
719.0406529977918
824.8590120002627
824.3664159998298
717.6415309980512
1021.9424379989505
626.6457879990339
1040.7926930002868
1019.7557259984314
1012.0881479978561
904.7683590017259
1007.598617002368
964.405528999865
1017.471181999892
903.860751003027
1005.6012580022216
1009.8813350014389
974.5281280018389
1004.728970002383
973.6260319985449
906.4404029995203
965.5237039998174
963.6015370003879
715.6182419992983
714.365287002176
900.2240089997649
720.3682910017669
816.0576700009406
561.7287309989333
1088.2383709996939
866.4969960004091
811.1190070025623
812.4552580006421
621.5191689990461
880.5250119976699
1083.8054269999266
713.2514340020716
863.991600997746
819.019223999232
862.9453499987721
873.5024980008602
619.1402629986405
876.8907539993525
861.7975219972432
956.6327170021832
711.7405510023236
963.0173970013857
969.919590998441
858.5358770005405
857.2290670014918
860.1052459999919
871.8310230001807
855.8291769996285
709.9772859998047
876.1206049993634
853.2276539988816
869.1334079988301
960.5534810014069
847.0631030015647
899.0119270011783
849.5093380026519
617.9738250002265
850.967605996877
896.4900399968028
895.219645999372
614.3278740011156
897.7351970002055
616.1888160035014
845.7295200005174
848.3684710003436
959.59875100106
867.199074998498
859.5000350028276
707.6879629977047
706.1094980016351
612.0986319966614
862.3072899989784
708.9726860001683
613.4246090017259
610.4726359993219
843.8907769992948
869.8462149985135
608.6127710007131
809.6643760018051
606.3304230012
862.9981749989092
864.3181269988418
604.3972219973803
603.343150999397
842.056154999882
598.0863559991121
892.6097129993141
891.4711730033159
837.9588019996881
840.39700999856
887.8384799994528
954.4391150027514
955.4512670002878
890.26210199669
855.4314759969711
834.3642430007458
836.527836997062
833.0451560020447
953.4494540020823
830.1631719991565
826.9784180000424
879.6276579983532
874.8236239999533
883.3502300009131
681.7414730004966
878.2884050011635
882.0847359970212
873.6503040008247
877.2786819972098
704.3183050006628
884.7455530017614
848.8856419995427
683.7268919982016
854.671248998493
806.119725998491
805.0137730017304
803.8608649969101
793.9545539990067
795.6844529993832
800.6382020004094
797.9368230029941
793.5943970009685
796.6779479980469
799.7712180018425
819.7391070015728
685.4347090013325
795.4953970015049
791.3770599998534
798.8898970000446
870.7225310020149
623.4762560017407
872.211371999234
995.5065589994192
828.0910780020058
998.5884310007095
952.5538059994578
705.8519369997084
950.2671950012445
870.5151330009103
1085.6536759994924
582.5463260002434
820.0186229981482
703.6985189989209
1000.5658370032907
823.2684630006552
826.0280629992485
585.0089030005038
581.4236239977181
671.2568110004067
814.134484000504
672.4487369991839
419.5581399984658
579.8971720002592
307.9255570024252
665.1321800015867
701.9820419996977
421.5194709971547
305.4986980035901
660.4356699995697
668.0910659991205
1002.5981949977577
417.75764099881053
327.8273930028081
663.52926299721
658.9269630014896
657.2487540021539
744.9174750000238
308.9712319970131
897.3698819987476
575.2883039973676
573.8866249993443
578.2461180016398
572.2377849966288
811.7286569997668
389.485977999866
778.3225569985807
815.5517399981618
700.6135459989309
784.7429830022156
576.6772140003741
563.6901869997382
699.5706839971244
808.0790239982307
556.7341010011733
947.9933219999075
568.3171520009637
559.2825659997761
906.079683996737
507.4078999981284
698.496713001281
347.5341229997575
385.6337639987469
381.7858739979565
461.55287899821997
388.5324949994683
380.65776600316167
463.4794469997287
505.2397140003741
774.8830449990928
387.7469950020313
330.02128100022674
386.80625599995255
331.22780099883676
344.86044999957085
895.8029800020158
904.656656999141
460.1116609983146
346.20243200287223
384.4275150001049
696.2116799987853
802.1739360019565
773.2115590013564
459.0639389976859
505.2757099978626
785.8666790015996
946.1244079992175
502.7219580002129
773.9567629992962
377.7695019990206
771.9153080023825
798.042757999152
789.6606009975076
791.4056529998779
795.7257429994643
502.91117699816823
787.808545999229
780.3181409984827
942.2088310010731
776.1567049995065
442.37463400140405
505.9809450022876
889.3805260024965
771.3177950009704
941.1062310002744
768.8199610002339
440.5157230012119
770.6868620030582
782.1851709969342
524.9601409994066
531.403599999845
711.4639340005815
528.7873180024326
522.3019229993224
894.14377900213
394.36880499869585
403.4840440005064
393.3443370014429
492.960065998137
595.5256020016968
594.5651350021362
734.3455400019884
523.6514839977026
426.57079700008035
887.4772889986634
769.4177540019155
497.68635799735785
887.4895160011947
332.37415900081396
438.61675599962473
766.6513320021331
882.7288300022483
496.59043199941516
939.6605690009892
436.49196299910545
763.0239460021257
886.6425659991801
761.2917239964008
881.7078309990466
527.6156280003488
526.1987669989467
451.5785199999809
453.4822010025382
759.3359399996698
752.8905589990318
449.8218480013311
685.5023630000651
525.414145000279
751.4642699994147
379.02885900065303
756.7121420018375
446.32098099961877
755.376017998904
934.9993939995766
683.5795029997826
692.507558003068
681.2729840017855
670.9565030001104
936.8904120028019
745.2866269983351
749.6255749985576
556.6586189977825
554.3326000012457
697.3846260011196
434.1612839996815
743.7254239991307
433.289419002831
739.558357000351
808.4341009967029
431.5415409989655
666.5783759988844
933.9568670019507
694.3362520001829
559.3629369996488
931.2888210006058
692.8040800020099
429.74991900101304
551.9654930010438
383.28949499875307
428.11633099988103
927.3040660023689
690.8229169994593
521.6946219988167
781.8346470035613
520.1713869981468
689.6286889985204
519.4106739982963
524.3476470001042
687.4666399993002
518.3085980005562
645.9564760029316
676.4022889994085
790.0385789982975
516.5217679999769
652.1209970004857
787.9609280005097
515.3502160012722
698.8101789988577
923.7686250023544
505.27134799957275
424.821606002748
943.555174998939
513.7796900011599
505.4162300005555
423.2987709976733
512.6872849985957
547.1072049997747
411.5908930003643
544.8484029993415
930.0559399984777
538.3569300025702
543.0620510019362
925.8384280018508
536.9221949987113
663.5726410001516
745.9425799995661
399.12279799953103
593.6129949986935
657.7419770024717
592.4282450005412
409.7194849997759
535.4000330008566
521.4514440000057
408.1450840011239
510.53537200018764
696.1112210005522
490.24099299684167
532.5362950004637
510.2134150005877
677.5394439995289
477.9462790004909
532.4035529978573
406.6292780004442
488.64761999994516
711.0716759972274
531.0821559987962
486.8372070007026
856.9285009987652
364.49869200214744
403.34650499746203
590.9054000005126
477.7218439988792
489.1105960011482
549.8656900003552
475.1073729991913
405.8227900005877
486.14795599877834
362.68904700130224
315.4876749999821
589.7943130023777
509.60976200178266
371.8163410015404
486.26653200015426
529.0942520014942
585.7069310024381
326.4463020004332
805.1836350001395
494.95778900012374
474.0516400001943
709.3278319984674
485.48821400105953
499.52533500269055
767.8473499976099
707.7585680000484
547.6711230017245
521.3658360019326
542.3351290002465
373.2475630007684
821.717088997364
490.2143400013447
360.89276599884033
588.3913819976151
509.267660997808
488.64623399823904
539.8985150009394
484.5124670006335
813.651370998472
375.9725230000913
363.78671599924564
483.75664100050926
817.1974180005491
487.5616270005703
537.1228979974985
806.5806189998984
548.4244190007448
374.5152440033853
472.472429998219
508.46956099942327
749.5592040009797
369.71314700320363
584.6555749997497
747.2911639995873
403.24946499988437
661.7707940004766
586.9902230016887
582.7056500017643
581.5954170003533
368.2609010003507
719.1846649982035
534.0845780000091
402.3221260011196
523.0119189992547
489.2548419982195
851.4545539990067
733.5397789999843
786.5839009992778
873.1695520021021
907.6851180009544
393.5123270004988
501.4096730016172
652.2946670018137
457.73887299746275
399.5306340008974
618.1379180029035
613.773409999907
404.32197500020266
916.0954529978335
491.42719999700785
395.0673099979758
614.8191160000861
398.9109220020473
429.7301959991455
342.9395339973271
761.0294780023396
522.1642739996314
759.2892919965088
913.2807700000703
593.0854310020804
903.2320159971714
421.1011070013046
500.5806960016489
910.3501340001822
588.6697920002043
901.6981370002031
403.13131700083613
899.0127509981394
455.5835369974375
359.1330670006573
400.0630210004747
911.7134989984334
612.7294010035694
465.5151509977877
919.5579110011458
467.2423099987209
400.64101099967957
349.4890720024705
587.7277149967849
357.7165529988706
591.379863999784
778.2839060015976
387.1774250008166
764.662934999913
514.8969860002398
544.9066759981215
522.4012989997864
366.668332003057
407.93097500130534
479.5034249983728
469.1393259987235
483.0109789967537
468.0630620010197
732.8474860005081
390.7442869991064
737.6188099980354
353.6529700011015
480.69659600034356
389.25907199829817
491.615112002939
466.7374209985137
487.2622709982097
388.23089699819684
439.47171799838543
793.6987919993699
513.6492829993367
909.5281589999795
579.2722800001502
1051.5548860020936
322.9174819998443
673.3623280003667
577.9692500010133
786.2306549996138
512.223421998322
478.3532439991832
348.464011002332
731.0200719982386
448.0256620012224
499.5075040012598
517.3506150022149
321.1289700008929
431.6184100024402
758.7729550004005
1135.6942339986563
476.02767900004983
644.3801080025733
319.70504599809647
871.8978900015354
451.7029899992049
490.07200099900365
474.47914300113916
427.92694000154734
339.25185799971223
423.8259040005505
316.77486399933696
758.0556340031326
529.4449930004776
415.6678210012615
625.0799379982054
335.858261000365
655.4168450012803
756.5708680003881
1079.9130039997399
662.0235590003431
730.9341669976711
335.0565540008247
831.5021860003471
945.0871609970927
400.6724619977176
755.1062360033393
956.2364379987121
518.4093120023608
801.6297539994121
398.3469530008733
641.0434719994664
809.6381690017879
404.72090899944305
492.57608000189066
979.5691820010543
397.799399998039
465.3551979996264
516.437256000936
738.1399189978838
511.5320710018277
627.7838389985263
416.8430969975889
620.4692999981344
414.48205300047994
513.3839429989457
623.9484609998763
622.2291109971702
411.5913619995117
621.7023489996791
514.4273250028491
409.90817499905825
524.1387009993196
404.8344240002334
498.240682002157
496.78910100087523
408.4504139982164
619.0175429992378
978.1529259979725
1192.2692199982703
616.9562329985201
966.7986769974232
419.0928759984672
854.497039001435
629.2005809992552
565.1194620020688
1048.3919619992375
901.7058739997447
957.6423400007188
867.8607450015843
392.0397030003369
613.2395190000534
444.24085500091314
958.4254800006747
880.9141559973359
821.6398189999163
402.22761699929833
986.0675700008869
636.409215003252
961.5783630013466
341.2193630002439
583.9187760017812
318.18625999987125
653.748289000243
668.3236490003765
402.68451799824834
697.5032509975135
761.6326749995351
741.8672380000353
944.4661609977484
539.8225309997797
505.9147280007601
659.8846540004015
511.5015590004623
736.1119020022452
1080.7163690030575
650.746656998992
485.12805999815464
423.36002299934626
725.7532880008221
425.11474000290036
921.8533530011773
511.21248199790716
412.8765340000391
399.5983770005405
523.4109940007329
619.6569819971919
400.3064090013504
627.0093480013311
779.9763130024076
529.6410130001605
426.7157489992678
950.3640889972448
893.9914879985154
422.14689699932933
886.7132380008698
649.3571650013328
529.3992340005934
605.0679429993033
764.5760160014033
717.8398730009794
754.2050260007381
681.4755849987268
456.38119399920106
949.6421750001609
534.0251690000296
877.9215120002627
653.899309001863
426.4725099988282
522.5572970025241
976.1442309990525
397.41053000092506
1058.3987269997597
396.1190820001066
596.8703090026975
396.3955260030925
646.9834719970822
566.8433819971979
482.89116000011563
337.502050999552
561.5446560010314
402.0316799990833
601.7786859981716
525.821699000895
580.4226320013404
525.4160280004144
836.1774119995534
576.8297990001738
457.7068969979882
575.8080570027232
655.4029520004988
564.3086269982159
1097.0261299982667
932.3702479973435
807.234170999378
929.5321730002761
528.9345460012555
940.5084930025041
365.6068940013647
520.9289890006185
666.7129810005426
680.3652929998934
1108.3928580023348
522.8049289993942
541.2297499999404
452.5266069993377
515.4440289996564
722.075763002038
459.8449480012059
639.6206899993122
528.8847169987857
450.224987000227
404.3399279974401
521.8619170002639
714.5329159982502
495.94251700118184
524.8703529983759
449.6961860023439
713.2592680007219
444.6542930006981
512.8955649994314
510.04507099837065
923.2129449993372
443.5036340020597
716.7019829973578
554.2509500011802
504.6603359989822
440.4549620002508
510.3783499971032
636.9641279987991
526.0795549973845
720.5615120008588
531.1304720006883
919.6540970019996
529.4404169991612
494.886401001364
527.7087460011244
515.4827909991145
642.7350809983909
674.2564439997077
753.9229880012572
360.59621700271964
491.8827200010419
752.6722309999168
469.59758500009775
939.9783729985356
928.1903240010142
471.29167100042105
938.6559629999101
324.56435700133443
926.5339799970388
351.1592969968915
911.559360999614
716.726708997041
925.0031279996037
434.9185290001333
508.3469780012965
314.21682200208306
520.7611769996583
306.7316890023649
399.92488100007176
311.2587120011449
915.0089990012348
312.6662409976125
916.7127839997411
310.21555300056934
635.3164450004697
908.1639840006828
391.97862499952316
397.55456100031734
909.0373509973288
519.5466660000384
675.1681720018387
397.1346809975803
362.48509199917316
390.7466729991138
333.6867420002818
913.2462400011718
508.7299080006778
454.9985060021281
890.9793989993632
892.7142489999533
766.3466950021684
763.5992240011692
762.258069999516
421.1846229992807
626.0934260003269
784.055477000773
633.1895949989557
747.5877009965479
715.7365190014243
493.78923600167036
630.7035170011222
437.97851400077343
530.1516780033708
803.6975330002606
436.978045001626
433.39037599787116
729.1253800019622
419.4671869985759
920.3010159991682
425.3937430009246
921.890163000673
504.7412369996309
471.939647000283
406.87111300230026
507.2057439982891
505.8704189993441
503.26400399953127
467.346233997494
917.0652350001037
727.3697820007801
465.18817000091076
469.8976330012083
406.1560649983585
462.6677669994533
586.4474669992924
