650660.804
651855.343
652694.252
653440.586
659625.927
661423.928
661999.98
662662.326
663293.428
663598.104
667187.991
667440.856
667581.112
667709.156
667830.667
667952.189
668070.593
668192.263
668312.549
670028.976
692786.737
693053.772
693216.672
693350.807
693476.14
693599.105
693723
693993.369
694190.819
694316.041
743350.061
743845.455
744207.398
744528.671
744971.314
745518.786
745886.397
746250.888
746602.758
747156.72
782179.823
782408.482
782570.048
782664.674
782747.017
782839.103
782927.869
783006.791
783089.859
783178.212
611075.511
612263.423
613122.854
613838.193
614288.425
614692.353
615088.307
615462.736
615844.687
616224.14
647703.366
648083.837
648231
648365.348
648489.999
648615.974
648738.121
648871.605
648998.162
649383.054
684217.803
684573.23
684728.348
684991.37
685146.47
685311.301
685459.955
685600.574
685736.997
685877.115
725761.825
726104.364
726277.327
726417.613
726521.198
726611.541
726701.655
726788.823
726875.134
726977.131
639494.867
640068.787
640379.251
640629.96
640754.26
640860.93
640978.65
641088.766
641194.351
641296.928
649945.063
650348.653
650564.327
650749.036
650934.278
651110.793
651262.795
651397.361
651535.147
651925.598
700431.813
700787.069
700990.984
701171.683
701304.144
701426.002
701539.988
701656.144
701766.345
701878.977
739510.884
739899.431
740097.695
740252.557
740395.317
740531.767
740664.73
740797.226
740934.211
741061.796
771437.192
771722.43
771871.724
771985.526
772094.743
772189.567
772282.033
772374.872
772467.516
772562.076
543707.413
549624.476
550597.545
551295.23
551788.253
552182.02
552540.696
552904.553
553261.925
553637.15
606988.6
607266.164
607449.347
607606.367
607745.745
607876.652
608002.875
608164.262
608293.414
608569.032
635527.187
636001.469
636521.175
636903.495
637157.696
637289.653
637412.122
637535.859
637653.953
637772.73
721248.794
721579.623
721745.596
721881.901
722015.167
722142.595
722265.918
722389.682
722513.195
722645.022
750535.058
750798.434
750952.213
751088.861
751185.372
751377.059
751514.89
751632.049
751741.243
751843.201
